07003498000195
12909811000199
05849649000103
11433190003920
17468303000136
19586128000107
19948444000181
22314836000101
26504518000156
26833494000189
28989336000148
29048461000116
33023951000135
35940072000101
36213651000107
37032983000158
38278148000165
39156026000169
40578994000142
42065137000174
43221884000117
43779122000130
44275465000120
44372396000173
44987603000102
45162995000125
45210228000144
45252390000125
45653671000190
47173183000100
48328127000160
48741891000163
48951150000107
48966346000175
48967933000189
49039099000124
49106603000161
49106696000124
49118928000164
49173264000136
49222160000174
49260443000100
49297235000186
49345458000171
49361062000118
49389004000100
49458937000102
49499367000190
49503753000109
49518102000192
49523252000194
49567509000100
49590118000106
49652168000170
49719920000153
49749471000196
49841089000108
49876039000166
49958679000115
49979392000171
50104814000144
50147187000129
50193718000110
50197699000108
50272247000135
50278660000107
50296929000188
50306480000191
50329619000112
50330213000150
50338574000142
50346239000196
50484626000199
50505212000107
50514415000151
50659893000150
50746529000127
50756855000115
50829961000181
50852015000156
50852015000237
50885596000122
50904638000125
50973682000197
50986400000196
50992432000102
51005425000124
51163742000179
51183644000101
51210504000177
51223340000112
51233265000170
51277155000100
51343172000107
51458676000164
51497755000184
51504471000178
51531138000158
51591344000153
51634100000100
